start=10.057965
sub-delay=0.100000
